198
9072
2397
1533
5848
8871
2081
3062
 987
9097
6152
2135
3724
7798
1870
8238
1336 
7315
4736
 989
4653
6169
4663
8812
 380
4019
3613
 485
3864
9307
5396
3648
5131
6769
4265
2385
4739
5862
2880
 985
1026
4841
5598
9988
082
19877
23093
23756
17115
21540
19855
20640
18474
18179
23951
21709
16904
15818
15498
18250
17408
19983
17401
17530
17423
22757
20869
19357
16023
20832
15841
22169
18481
20926
18893
23350
17406
21820
20622
23237
18961
21998
22754
15374
15945
15006
17000
21261
20166
22170
20901
23730
16139
19950
21533
18248
18596
20570
20751
15607
22469
19394
20744
22362
17237
20769
21662
18252
20107
19030
17171
18406
22294
16852
19844
22050
17418
17357
18736
15768
23417
20165
19023
21410
16688
23561
16709
17745
22329
22556
16844
16221
18095
16581
15797
19129
15185
20773
16177
23415
22319
17456
20388
15008
15362
20589
22387
17414
22288
21660
19886
15003
15985
15806
22947
16137
22589
21325
23302
23249
19386
21426
16316
18619
16093
18920
15672
23171
17136
17589
19705
18628
23136
16003
19350
19162
22594
21034
17328
15179
18365
15896
21223
16969
18994
16433
19276
23754
20985
23873
19104
22141
23116
17527
20807
15119
21556
18742
18274